# This file may be used to create an environment using:
# $ conda create --name <env> --file <this file>
# platform: linux-64
_libgcc_mutex=0.1=main
_tflow_180_select=1.0=gpu
absl-py=0.9.0=pypi_0
astor=0.8.1=pypi_0
audioread=2.1.8=pypi_0
backports=1.0=py_2
backports-weakref=1.0.post1=pypi_0
backports.weakref=1.0.post1=py_1
blas=1.0=mkl
bleach=1.5.0=py27_0
c-ares=1.15.0=h7b6447c_1001
ca-certificates=2020.1.1=0
certifi=2019.11.28=py27_0
cffi=1.14.0=pypi_0
cudatoolkit=10.2.89=hfd86e86_0
cudnn=7.6.5=cuda10.2_0
docopt=0.6.2=pypi_0
enum34=1.1.6=py27_1
funcsigs=1.0.2=pypi_0
futures=3.3.0=py27_0
gast=0.2.2=pypi_0
google-pasta=0.1.8=pypi_0
grpcio=1.27.2=py27hf8bcb03_0
h5py=2.10.0=pypi_0
html5lib=0.9999999=py27_0
intel-openmp=2020.0=166
joblib=0.14.1=pypi_0
jsonpickle=0.9.6=pypi_0
keras-applications=1.0.8=pypi_0
keras-preprocessing=1.1.0=pypi_0
libedit=3.1.20181209=hc058e9b_0
libffi=3.2.1=hd88cf55_4
libgcc-ng=9.1.0=hdf63c60_0
libgfortran-ng=7.3.0=hdf63c60_0
libprotobuf=3.11.2=hd408876_0
librosa=0.6.2=pypi_0
libstdcxx-ng=9.1.0=hdf63c60_0
llvmlite=0.31.0=pypi_0
lxml=4.2.1=pypi_0
markdown=3.1.1=py27_0
mkl=2019.5=281
mkl-service=2.3.0=py27he904b0f_0
mkl_fft=1.0.15=py27ha843d7b_0
mkl_random=1.1.0=py27hd6b4f25_0
mock=3.0.5=py27_0
munch=2.5.0=pypi_0
ncurses=6.2=he6710b0_0
numba=0.47.0=pypi_0
numpy=1.16.6=pypi_0
numpy-base=1.16.6=py27hde5b4d6_0
openssl=1.1.1=h7b6447c_0
opt-einsum=2.3.2=pypi_0
pip=19.2.3=py27_0
protobuf=3.11.3=pypi_0
py-cpuinfo=5.0.0=pypi_0
pycparser=2.19=pypi_0
python=2.7.17=h9bab390_0
readline=7.0=h7b6447c_5
resampy=0.2.2=pypi_0
sacred=0.7.3=pypi_0
scikit-learn=0.20.4=pypi_0
scikits-audiolab=0.11.0=pypi_0
scipy=1.2.3=pypi_0
setuptools=41.4.0=py27_0
six=1.14.0=pypi_0
soundfile=0.10.2=pypi_0
sqlite=3.31.1=h7b6447c_0
tensorboard=1.15.0=pypi_0
tensorflow=1.8.0=0
tensorflow-base=1.8.0=py27hee38f2d_0
tensorflow-estimator=1.15.1=pypi_0
tensorflow-gpu=1.15.0=pypi_0
termcolor=1.1.0=pypi_0
tk=8.6.8=hbc83047_0
werkzeug=1.0.0=py_0
wheel=0.33.6=py27_0
wrapt=1.12.0=pypi_0
zlib=1.2.11=h7b6447c_3
